11074235
85087012
72580321
25259669
7150545
34966096
53871273
54656181
91501248
3657444
3657444
65192027
40737112
57784563
85914562
89252157
5592689
2311090
30327674
20050865
60832978
56824871
53416326
82321037
30291086
23571046
39732186
20001443
56495147
36630403
52589809
12213463
49930315
93490856
5141117
26202165
57421866
97268402
14558127
78706415
37961969
74078255
63845230
67441435
36584821
93369354
6990577
95953557
46037983
55591586
28985331
14536035
33508719
51993760
5220687
86469231
61160289
34172284
73421698
53855409
9822220
90020780
49928686
75922381
14761450
45154513
52467217
22657402
36016907
52512994
5186893
68670547
92826944
49959355
68989981
94076521
36630403
79783880
21620076
10802916
18789533
80965043
572850
80280944
82385847
38572779
71197066
15381421
57523313
93018428
20003027
55589254
55125728
36745317
62133026
81519836
9238125
62320425
31525442
25926710
63542003
63542003
87988305
1966438
31766317
31829185
62098216
102380
24413299
59281822
62034800
97316367
92919429
68815132
9126351
56585883
572850
45812361
56570271
83500096
97316367
87074380
33491462
4334811
49776811
34614910
62849088
26866984
47077697
8400623
57647597
42090294
23099524
84900597
40460013
48144778
33420078
71564252
21502796
17259470
78868119
67284107
33508719
11302671
31305911
32362575
62742651
55623480
93920745
59575539
55878038
9596126
15341821
14504454
75730490
1225009
14509651
88685329
86377375
81977953
60417395
11232355
5405694
29374928
95440946
63977008
30312361
22624373
13582837
58242947
8567955
48745395
81497285
23898021
4722253
50699850
2347656
50920465
24425055
2204140
14087893
52589809
74078255
56619314
12958919
101201030
13836592
84339249
13014905
4483598
98875863
89743495
52354896
67218327
50548657
80794697
11801343
7445307
645087
95291684
56790702
3773196
66699781
67127799
71074418
17896384
99328137
72892473
1475311
85888377
17896384
5168381
69296555
83715234
16255442

!side
34090915
97803170
4861205
59750328
88513608
14289852
43912676
67616300
94192409
36975314
43839002
73558460
42461852
44584775
9064354
82404868
30284022
72060415
37421075
37421075
15854426
16960351
62265044
5833312
43940008
97342942
92223430
98045062
95376428
32785578
60743819
57103969
10719350
46173679
39730727
69599136
55521751
81439173
53503015
64107820
65898344
65898344
60619435
34047456
79571449
3113667
10045474
22991179
91592030
2295440
22993208
98414735
38761908
64765016
35035481
91078716
67169062
35261759
98645731
84211599
11047543
82633308
25401880
32180819
58577036
37576645
99995595
84404797
32807846
91742238
68941332
93016201
56120475
73915051
98427577
99550630
25955749
98338152
41420027
92512625
84749824
86780027
69112325
68250822
16598965
85590798
93946239
34559295
24590232
68779682
33407125
59160188
85602018
79371769
86541496
88851326
72022087
7852510
31828916
13247801
26534688
28553439
63644830
63644830
63644830
41482598
41482598
43040603
83764719
93217231
96433300
60448701
72302403
89974904
28741524
73628505
82386016
33017655
33017655
5973663
53582587
92607427
80101899
48805472
29616929
86379342
85821180
56747793
80402389
1683982
90075978
49669730
63509474
87571563
38363525