38192988
28240337
8602351
74997493
45298492
99111753
86926989
72330894
98462037
27381364
72329844
44508095
61665245
47710198
96633955
90953320
98558751
33779875
73082255
70780151
55285840
90809975
66403530
6983839
46947713
59071624
48183890
32617464
52687916
37129797
45462149
28776350
25862681
65910922
46815301
62967433
84815190
83755611
73580471
27548199
50321796
82633039
13076804
3040496
3040496
50588353
63261835
52698008
581014
109401
61245672
33467872
93854893
42752141
74294676
5043012
61668670
54498517
63364266
7391448
84305651
45420955
2405631
95453143
91575236
97273514
53054164
11398059
39064822
65330383
2857636
38342335
87837090
34086406
4423206
47910940
44097050
81019803
83764719
71607202
2956282
33198837
48739166
54191698
84013238
29208536
74586817
84271823
